16.33
16.28
16.28
16.28
16.26
16.24
16.23
16.25
16.23
16.28
16.25
16.26
16.23
16.22
16.23
16.21
16.19
16.21
16.23
16.25
16.26
16.26
16.24
16.25
16.25
16.21
16.25
16.26
16.26
16.26
16.23
16.21
16.18
16.2
16.21
16.22
16.24
16.21
16.2
16.2
16.2
16.22
16.26
16.23
16.21
16.23
16.2
16.22
16.25
16.22
16.26
16.24
16.21
16.24
16.21
16.21
16.19
16.23
16.25
16.22
16.26
16.22
16.24
16.24
16.19
16.21
16.2
16.21
16.23
16.25
16.24
16.31
16.3
16.26
16.26
16.26
16.28
16.32
16.28
16.3
16.34
16.3
16.3
16.31
16.31
16.3
16.32
16.26
16.26
16.26
16.26
16.24
16.25
16.31
16.28
16.3
16.31
16.27
16.26
16.26
16.28
16.28
16.3
16.26
16.3
16.3
16.3
16.26
16.26
16.26
16.26
16.24
16.25
16.25
16.25
16.25
16.23
16.28
16.29
16.27
16.26
16.28
16.27
16.25
16.26
16.24
16.24
16.25
16.28
16.28
16.27
16.26
16.25
16.24
16.24
16.25
16.21
16.23
16.23
16.24
16.26
16.28
16.26
16.27
16.24
16.22
16.28
16.25
16.27
16.25
16.28
16.27
16.25
16.26
16.21
16.25
16.26
16.26
16.22
16.25
16.21
16.22
16.23
16.23
16.23
16.24
16.2
16.22
16.21
16.24
16.2
16.25
16.2
16.19
16.2
16.23
16.22
16.21
16.21
16.21
16.22
16.21
16.2
16.18
16.21
16.21
16.2
16.23
16.22
16.21
16.21
16.23
16.22
16.21
16.25
16.23
16.22
16.21
16.25
16.24
16.26
16.21
16.21
16.2
16.2
16.22
16.2
16.19
16.22
16.21
16.21
16.21
16.21
16.22
16.21
16.21
16.22
16.21
16.22
16.22
16.22
16.21
16.19
16.22
16.18
16.19
16.16
16.21
16.21
16.21
16.21
16.24
16.2
16.19
16.19
16.21
16.2
16.22
16.19
16.17
16.22
16.19
16.19
16.18
16.2
16.18
16.18
16.17
16.19
16.16
16.16
16.18
16.2
16.2
16.22
16.19
