1.67
3.09
4.18
5.38
5.95
6.67
7.16
8.39
8.03
8.57
8.85
9.5
9.63
10
10.2
10.64
10.66
10.97
11.12
11.55
11.48
11.81
11.85
12.43
12.18
12.34
12.46
12.75
12.7
12.86
12.96
13.25
13.15
13.3
13.36
13.56
13.53
13.62
13.63
14.13
13.82
13.9
14.04
14.24
14.1
14.2
14.22
14.35
14.34
14.43
14.41
14.62
14.56
14.65
14.72
15.06
14.74
14.85
14.87
14.97
14.96
15.04
14.96
15.1
15.03
15.12
15.16
15.27
15.16
15.29
15.22
15.46
15.32
15.34
15.34
15.45
15.37
15.46
15.45
15.57
15.49
15.58
15.56
15.66
15.58
15.61
15.63
15.85
15.66
15.71
15.66
15.84
15.8
15.84
15.83
15.86
15.82
15.88
15.85
15.93
15.86
15.9
15.92
16.16
15.95
15.99
16.04
16.12
15.98
16.06
16.01
16.07
16.09
16.09
16.12
16.21
16.1
16.17
16.16
16.31
15.45
15.49
15.47
15.59
15.85
15.89
15.86
15.98
15.84
15.89
15.88
16.01
15.92
15.95
15.96
16.17
15.98
16.01
15.99
16.11
16.04
16.03
16.06
16.33
16.09
16.13
16.11
16.15
16.1
16.14
16.07
16.26
16.36
16.16
16.16
16.27
16.15
16.18
16.31
16.32
16.17
16.24
16.25
16.31
16.22
16.27
16.26
16.49
16.26
16.31
16.26
16.36
16.28
16.29
16.55
16.57
16.35
16.35
16.36
16.41
16.37
16.39
16.37
16.53
16.4
16.42
16.39
16.48
16.39
16.45
16.44
16.5
16.43
16.45
16.41
16.57
16.5
16.6
16.53
16.68
16.56
16.57
16.56
16.61
16.6
16.59
16.59
16.69
16.54
16.6
16.6
16.73
16.61
16.65
16.6
16.67
16.62
16.65
16.65
16.7
16.66
16.63
16.59
16.74
16.62
16.65
16.64
16.7
16.67
16.72
16.77
16.79
16.73
16.82
16.74
16.74
16.71
16.75
16.72
16.84
16.35
16.37
16.39
16.6
16.48
16.36
16.38
16.51
16.4
16.57
16.46
16.46
16.63
16.44
16.65
16.61
