3.29
5.78
7.34
8.7
9.3
10.31
10.49
11.56
11.22
11.61
11.88
12.32
12.03
11.99
12.29
13.21
12.93
12.61
12.93
12.43
12.8
12.85
12.95
13.43
13.67
13.39
13.63
13.88
13.99
14.01
13.99
14.16
14.16
14.48
14.26
14.57
14.65
14.69
14.63
15.1
14.81
15.11
14.96
15.24
15.16
15.41
15.2
15.33
15.02
15.4
15.54
15.46
15.36
15.5
15.25
15.62
15.47
15.41
15.77
15.55
15.59
15.41
15.58
15.57
15.55
15.37
15.51
15.49
15.65
15.69
15.52
15.76
15.56
15.46
15.48
15.68
15.65
15.99
15.59
15.6
15.68
15.77
15.91
15.86
15.88
15.74
16.39
16.36
16.2
15.92
15.81
16.01
16.06
15.88
15.98
16.04
16.11
16.55
16.48
16.69
16.32
16.11
16.16
16.32
16.02
16.34
16.16
16.37
16.17
16.17
16.16
16.19
16.39
16.62
16.29
16.29
16.4
16.46
16.31
16.41
16.54
16.83
16.34
16.42
16.37
16.58
16.52
16.61
16.62
16.62
16.52
16.6
16.57
16.56
16.52
16.65
16.51
16.59
16.55
16.64
16.58
16.61
16.62
16.7
16.6
16.63
16.63
16.65
16.61
16.65
16.65
16.75
16.66
16.67
16.68
16.72
16.66
16.69
16.7
16.78
16.69
16.74
16.74
16.79
16.77
16.78
16.75
16.83
16.78
16.76
16.76
16.81
16.8
16.84
16.81
16.92
16.85
16.86
16.84
16.88
16.81
16.85
16.83
16.95
16.9
16.88
16.9
16.91
16.93
16.93
16.89
16.97
16.87
16.92
16.93
16.99
16.97
16.95
16.95
17.03
16.96
16.95
16.95
16.99
16.98
16.98
17
17.06
16.98
17.02
17.01
17.04
17.01
17.04
17
17.12
17.05
17.05
17.01
17.05
17.04
17.07
17.02
17.09
17.03
17.04
17.05
17.11
17.08
17.07
17.08
17.16
17.08
17.08
17.05
17.09
17.05
17.1
17.1
17.18
16.77
16.74
16.75
16.76
16.72
16.71
16.69
16.81
16.72
16.75
16.75
16.8
16.76
16.75
16.72
16.83
