16.31
16.5
17.39
17.01
17.08
17.37
17.16
17.1
17.03
17.05
17.04
17.03
17.05
17.04
17.06
17.11
17.03
17.05
17.05
17.03
17.05
17.04
17.15
17.05
17.06
17.1
17.04
17.11
17.07
17.07
17.07
17.22
17.07
17.06
17.01
17.07
17.03
17.06
17.05
17.04
17.08
17.11
17.05
17.01
17.02
17
17.02
16.99
17.04
17.03
17.04
17
17.02
17.03
17.01
16.99
17.06
17.05
17.03
17.04
17.37
17.26
17.11
17.11
17.03
17.03
16.99
17.18
17.24
17.29
17.21
17.22
17.22
17.2
17.19
17.19
17.24
17.28
17.22
17.25
17.23
17.23
17.21
17.26
17.24
17.2
17.21
17.22
17.2
17.2
17.18
17.2
17.26
17.26
17.21
17.25
17.2
17.26
17.23
17.23
17.23
17.22
17.19
17.21
17.17
17.25
17.22
17.21
17.2
17.22
17.24
17.23
17.2
17.15
17.15
17.12
17.2
17.19
17.22
17.23
17.23
17.26
17.22
17.23
17.21
17.26
17.22
17.21
17.22
17.22
17.23
17.21
17.22
17.15
17.21
17.23
17.22
17.26
17.21
17.22
17.19
17.22
17.21
17.11
17.21
17.24
17.23
17.23
17.21
17.18
17.14
17.12
17.18
17.21
17.17
17.17
17.16
17.19
17.23
17.14
17.26
17.15
17.15
17.16
17.13
17.14
17.2
17.2
17.22
17.19
17.19
17.23
17.19
17.16
17.14
17.13
17.16
17.16
17.16
17.15
17.13
17.16
17.14
17.2
17.15
17.17
17.16
17.15
17.14
17.14
17.19
17.18
17.16
17.18
17.15
17.17
17.2
17.19
17.16
17.02
16.22
15.92
15.96
15.98
15.95
15.87
15.98
15.89
15.91
16.13
15.89
15.97
15.88
15.91
15.76
15.87
15.96
15.95
15.85
15.85
16
15.9
15.91
15.93
15.89
15.92
15.89
15.89
15.9
15.82
15.89
15.85
15.92
15.88
15.91
15.94
15.9
15.94
15.89
15.93
15.88
15.94
15.89
15.99
15.88
15.9
15.91
15.92
15.89
15.96
15.94
15.93
15.9
15.91
15.92
15.9
