16.21
16.21
16.21
16.26
16.24
16.24
16.24
16.25
16.27
16.24
16.23
16.25
16.23
16.26
16.25
16.26
16.22
16.23
16.21
16.21
16.25
16.25
16.23
16.23
16.25
16.24
16.25
16.24
16.23
16.21
16.23
16.23
16.21
16.23
16.21
16.2
16.24
16.23
16.24
16.23
16.24
16.24
16.21
16.24
16.21
16.2
16.19
16.2
16.2
16.21
16.23
16.22
16.22
16.2
16.21
16.22
16.22
16.23
16.24
16.2
16.24
16.23
16.2
16.22
16.23
16.24
16.23
16.22
16.22
16.21
16.22
16.21
16.2
16.23
16.21
16.21
16.21
16.2
16.2
16.2
16.19
16.2
16.19
16.2
16.21
16.21
16.2
16.2
16.21
16.2
16.21
16.21
16.19
16.19
16.21
16.21
16.21
16.21
16.21
16.21
16.2
16.23
16.2
16.2
16.21
16.21
16.22
16.22
16.2
16.22
16.21
16.21
16.22
16.24
16.22
16.21
16.21
16.23
16.2
16.21
16.22
16.22
16.21
16.21
16.21
16.21
16.22
16.21
16.21
16.21
16.21
16.21
16.21
16.21
16.21
16.21
16.18
16.18
16.18
16.19
16.19
16.16
16.22
16.21
16.19
16.18
16.19
16.19
16.18
16.21
16.22
16.21
16.19
16.18
16.2
16.19
16.21
16.2
16.21
16.21
16.2
16.2
16.18
16.18
16.17
16.18
16.18
16.16
16.18
16.21
16.2
16.19
16.19
16.19
16.18
16.19
16.17
16.19
16.17
16.18
16.17
16.16
16.17
16.16
16.18
16.16
16.15
16.17
16.19
16.16
16.16
16.19
16.17
16.18
16.17
16.2
16.19
16.19
16.19
16.17
16.17
16.19
16.21
16.2
16.21
16.21
16.19
16.17
16.18
16.17
16.18
16.18
16.18
16.17
16.18
16.18
16.18
16.2
16.18
16.15
16.16
16.15
16.16
16.15
16.15
16.16
16.14
16.17
16.17
16.16
16.15
16.15
16.16
16.16
16.16
16.16
16.16
16.19
16.16
16.17
16.18
16.17
16.17
16.18
16.17
16.16
16.17
16.13
16.15
16.15
16.18
16.18
16.16
16.19
16.17
16.17
