15.66
24.04
32.3
35.7
44.38
54.57
50.9
60.24
60.5
69.16
82.91
89.02
92.82
93.8
93.91
97.6
148.5
150.26
152.04
156.09
156.05
175.16
193.4
209.48
206.13
230.57
230.66
230.25
260.89
316.51
352.46
348.94
360.93
361.83
408.8
409.84
431.19
449.76
450.65
450.21
450.33
462.85
449.79
457.93
455.83
456.22
455.71
456.15
455.77
455.95
456.13
484.42
501.05
492.8
544.62
565.67
535.05
535
534.84
535.24
544.82
545.32
545.5
598.15
546.01
598.83
545.05
609.88
636.77
623.2
636.14
623.09
649.87
653.75
662.42
663.67
676.5
677.85
678.53
677.63
677.45
709.23
709.12
709.51
744.64
763.2
848.96
848.39
848.82
849.58
873.01
873.1
873.95
872.12
873.37
900.52
926.5
900.82
927.53
900.02
928.77
