1.66
3.07
4.17
5.33
5.87
6.46
6.74
7.96
7.44
8.02
8.57
8.96
9.01
9.34
9.59
10.1
10.14
10.47
10.61
10.99
11.11
11.26
11.42
11.95
11.7
12
12.01
12.38
12.29
12.38
12.46
12.77
12.81
13.25
13.01
13.23
13.01
13.45
13.5
13.99
13.76
13.76
13.53
13.74
13.65
14.14
14
14.3
14.32
14.27
14.29
14.56
14.15
14.16
14.34
14.57
14.53
14.69
14.79
15.01
14.77
14.92
14.55
14.77
14.72
14.8
14.9
14.97
14.9
15.09
15.12
15.46
15.3
15.24
15.36
15.44
15.26
15.34
15.6
15.66
15.69
15.55
15.67
15.75
15.55
15.7
15.77
15.94
15.78
15.82
15.63
15.77
15.71
15.96
15.89
16.03
15.92
15.94
15.86
16.07
15.94
15.98
15.98
16.28
16.03
16.19
16.16
16.25
16.1
16.11
16.12
16.22
16.22
16.31
16.24
16.36
16.37
16.35
16.3
16.61
15.5
15.54
15.4
15.54
15.52
15.52
15.47
15.6
15.57
15.51
15.5
15.53
15.45
15.56
15.47
15.72
15.6
15.66
15.58
15.68
15.67
15.65
15.69
15.77
15.62
15.68
15.64
15.81
15.72
15.76
15.7
15.94
15.77
15.7
15.7
15.84
15.73
15.77
15.79
15.88
15.82
15.89
15.83
15.99
15.91
15.97
15.95
16.13
16
16
16.13
16.18
16.08
16.07
16.04
16.22
16.02
16.14
16.09
16.23
16.19
16.19
16.19
16.23
16.17
16.13
16.13
16.24
16.2
16.26
16.18
16.3
16.26
16.29
16.31
16.34
16.3
16.35
16.33
16.48
16.27
16.43
16.38
16.45
16.37
16.41
16.36
16.51
16.43
16.52
16.45
16.49
16.49
16.48
16.48
16.65
16.46
16.53
16.48
16.5
16.55
16.59
16.52
16.58
16.56
16.65
16.58
16.68
16.66
16.59
16.66
16.77
16.67
16.66
16.59
16.67
16.66
16.69
16.67
16.73
16.16
16.21
16.2
16.19
16.19
16.33
16.19
16.32
16.13
16.17
16.21
16.24
16.16
16.24
16.16
16.28
