15.43
15.43
15.42
15.38
15.39
15.39
15.4
15.39
15.37
15.4
15.4
15.39
15.4
15.38
15.39
15.38
15.42
15.4
15.42
15.42
15.39
15.39
15.4
15.41
15.38
15.4
15.39
15.4
15.41
15.42
15.4
15.41
15.41
15.41
15.43
15.44
15.39
15.4
15.39
15.41
15.4
15.4
15.42
15.4
15.42
15.43
15.45
15.43
15.44
15.43
15.41
15.41
15.41
15.44
15.43
15.41
15.41
15.41
15.4
15.43
15.4
15.41
15.43
15.41
15.4
15.4
15.41
15.41
15.42
15.42
15.42
15.42
15.44
15.4
15.42
15.42
15.43
15.44
15.44
15.44
15.44
15.44
15.44
15.43
15.42
15.43
15.44
15.43
15.43
15.44
15.42
15.42
15.44
15.44
15.42
15.42
15.42
15.42
15.43
15.43
15.44
15.41
15.43
15.43
15.42
15.43
15.42
15.41
15.44
15.41
15.43
15.43
15.41
15.4
15.41
15.42
15.42
15.41
15.43
15.43
15.41
15.41
15.43
15.42
15.42
15.43
15.41
15.42
15.43
15.43
15.42
15.42
15.43
15.43
15.43
15.42
15.45
15.46
15.45
15.44
15.44
15.47
15.42
15.43
15.45
15.45
15.44
15.45
15.45
15.43
15.42
15.42
15.45
15.45
15.44
15.44
15.42
15.44
15.43
15.42
15.44
15.45
15.46
15.46
15.46
15.45
15.45
15.47
15.46
15.43
15.43
15.44
15.45
15.44
15.46
15.45
15.47
15.45
15.46
15.45
15.46
15.47
15.47
15.47
15.45
15.47
15.48
15.46
15.45
15.47
15.47
15.44
15.46
15.46
15.46
15.44
15.44
15.45
15.44
15.47
15.46
15.45
15.43
15.44
15.42
15.42
15.45
15.46
15.46
15.46
15.45
15.46
15.46
15.46
15.45
15.45
15.45
15.44
15.45
15.48
15.48
15.48
15.47
15.48
15.48
15.47
15.49
15.46
15.46
15.47
15.48
15.48
15.47
15.48
15.48
15.47
15.47
15.45
15.46
15.46
15.46
15.46
15.46
15.46
15.46
15.47
15.46
15.5
15.48
15.48
15.45
15.45
15.46
15.44
15.45
15.47
