15.33
15.15
14.38
14.69
14.64
14.39
14.57
14.63
14.68
14.66
14.68
14.68
14.67
14.67
14.65
14.61
14.68
14.66
14.66
14.68
14.66
14.67
14.58
14.67
14.66
14.62
14.67
14.61
14.65
14.64
14.65
14.52
14.65
14.66
14.7
14.64
14.68
14.65
14.66
14.67
14.64
14.61
14.66
14.7
14.69
14.7
14.69
14.72
14.68
14.68
14.68
14.7
14.69
14.68
14.7
14.71
14.66
14.67
14.69
14.68
14.39
14.48
14.61
14.61
14.68
14.68
14.72
14.55
14.51
14.46
14.53
14.53
14.52
14.54
14.55
14.55
14.51
14.47
14.52
14.5
14.51
14.51
14.53
14.48
14.5
14.54
14.53
14.52
14.54
14.54
14.55
14.54
14.49
14.49
14.53
14.49
14.54
14.49
14.52
14.51
14.51
14.53
14.55
14.53
14.56
14.5
14.52
14.52
14.53
14.52
14.51
14.52
14.53
14.58
14.59
14.6
14.54
14.54
14.52
14.51
14.51
14.49
14.52
14.52
14.53
14.49
14.52
14.53
14.53
14.52
14.51
14.53
14.52
14.58
14.53
14.51
14.52
14.48
14.53
14.52
14.54
14.52
14.53
14.61
14.54
14.5
14.51
14.51
14.54
14.55
14.59
14.6
14.56
14.53
14.56
14.57
14.57
14.55
14.51
14.59
14.48
14.58
14.58
14.57
14.6
14.58
14.53
14.53
14.52
14.55
14.54
14.51
14.54
14.57
14.59
14.6
14.58
14.58
14.57
14.58
14.59
14.57
14.59
14.54
14.58
14.56
14.57
14.58
14.59
14.59
14.54
14.56
14.57
14.55
14.58
14.56
14.54
14.55
14.57
14.69
15.42
15.7
15.66
15.65
15.68
15.75
15.64
15.74
15.71
15.5
15.72
15.66
15.75
15.72
15.87
15.75
15.66
15.68
15.77
15.78
15.63
15.72
15.71
15.7
15.73
15.71
15.74
15.74
15.73
15.81
15.73
15.79
15.71
15.74
15.72
15.69
15.74
15.69
15.73
15.7
15.74
15.69
15.73
15.63
15.74
15.72
15.71
15.7
15.74
15.66
15.68
15.7
15.72
15.71
15.7
15.73
