0.58
0.63
0.7
0.72
0.82
0.88
0.95
0.93
1.09
1.14
1.21
1.23
1.31
1.36
1.43
1.47
1.55
1.6
1.67
1.69
1.78
1.82
1.89
1.88
2
2.06
2.11
2.14
2.23
2.28
2.33
2.35
2.45
2.49
2.56
2.59
2.67
2.72
2.79
2.76
2.89
2.95
2.99
3.01
3.11
3.16
3.22
3.26
3.33
3.38
3.45
3.47
3.55
3.6
3.65
3.63
3.77
3.81
3.87
3.91
3.98
4.02
4.11
4.13
4.22
4.26
4.31
4.35
4.44
4.47
4.55
4.54
4.65
4.71
4.77
4.8
4.89
4.92
4.99
5.01
5.1
5.14
5.21
5.23
5.32
5.38
5.43
5.42
5.55
5.59
5.67
5.67
5.75
5.79
5.86
5.91
5.98
6.02
6.1
6.13
6.22
6.26
6.31
6.28
6.42
6.47
6.51
6.54
6.66
6.69
6.77
6.8
6.86
6.91
6.96
6.98
7.09
7.12
7.19
7.18
7.65
7.69
7.76
7.76
7.7
7.74
7.82
7.82
7.95
7.99
8.05
8.05
8.16
8.2
8.26
8.21
8.37
8.42
8.49
8.48
8.58
8.65
8.69
8.61
8.8
8.84
8.91
8.95
9.04
9.07
9.18
9.13
9.13
9.3
9.37
9.36
9.49
9.54
9.52
9.57
9.73
9.74
9.79
9.82
9.93
9.96
10.03
9.95
10.15
10.18
10.27
10.27
10.37
10.43
10.33
10.37
10.57
10.63
10.68
10.71
10.8
10.84
10.91
10.87
11.02
11.06
11.14
11.14
11.26
11.28
11.35
11.37
11.47
11.52
11.6
11.55
11.66
11.65
11.76
11.71
11.85
11.9
11.97
11.99
12.06
12.12
12.18
12.17
12.34
12.36
12.41
12.38
12.53
12.56
12.65
12.65
12.75
12.79
12.85
12.86
12.95
13.03
13.13
13.07
13.22
13.26
13.32
13.34
13.41
13.44
13.45
13.49
13.61
13.58
13.71
13.77
13.85
13.88
13.96
13.92
14.39
14.44
14.48
14.36
14.53
14.68
14.73
14.66
14.83
14.74
14.89
14.95
14.86
15.09
14.96
15.05
