3365
2961
2505
2226
1905
1759
1534
1479
1276
1189
1106
1051
948
877
839
846
779
717
697
636
624
598
577
573
560
527
517
508
494
478
462
453
439
436
417
414
405
396
384
387
370
368
356
355
345
343
331
327
314
315
312
305
297
294
284
286
278
272
274
265
262
254
253
249
245
238
237
233
232
230
224
224
218
214
211
211
208
210
202
200
198
197
196
193
191
187
193
190
186
181
178
178
177
173
172
171
170
173
170
171
165
162
161
161
156
158
155
155
152
150
149
148
148
149
145
144
144
143
140
140
140
141
136
136
134
135
133
133
132
131
129
129
128
127
125
125
123
123
122
122
120
120
119
119
117
117
116
115
114
114
113
113
111
111
110
110
109
108
108
107
106
106
105
105
104
103
103
103
102
101
100
100
99
99
98
98
97
97
96
96
95
95
94
94
94
93
93
92
92
91
91
90
89
89
89
89
88
88
87
87
86
86
85
85
85
84
84
84
83
83
83
82
82
81
81
81
80
80
80
79
79
79
78
78
77
77
77
77
76
76
76
76
75
75
74
74
74
74
73
73
71
71
71
70
70
70
69
69
69
69
68
68
68
67
67
67
