1699
1570
1423
1364
1202
1102
986
1018
847
821
798
764
710
683
655
646
611
596
572
563
542
524
509
510
479
473
455
453
434
422
411
409
398
399
381
376
360
362
354
358
344
335
322
320
311
315
305
305
299
292
287
287
273
268
267
266
261
259
257
256
248
246
236
236
232
230
228
225
221
221
218
220
215
211
210
208
203
201
202
200
198
194
193
192
187
187
186
185
182
180
176
176
173
174
171
171
168
167
164
165
162
160
159
160
156
156
155
154
151
150
149
148
147
146
145
144
143
142
140
142
131
130
128
128
127
126
125
125
124
122
121
120
119
119
117
118
117
116
115
115
114
113
112
112
110
110
109
109
108
108
106
107
105
104
104
104
103
102
102
102
101
100
99
100
99
98
98
98
97
96
97
96
95
95
94
94
93
93
92
92
92
91
91
90
89
89
88
88
88
88
87
87
86
86
86
85
85
85
84
84
83
83
83
83
82
82
81
81
80
80
80
80
79
79
78
79
78
78
77
77
77
77
76
76
75
75
75
75
74
74
74
74
73
73
72
72
72
72
71
71
69
69
68
68
68
68
67
67
66
66
66
66
65
65
65
65
