15.31
15.35
15.36
15.36
15.38
15.4
15.41
15.39
15.4
15.36
15.39
15.37
15.41
15.41
15.41
15.43
15.44
15.41
15.41
15.39
15.38
15.38
15.4
15.38
15.38
15.42
15.39
15.38
15.38
15.38
15.41
15.42
15.45
15.44
15.42
15.41
15.4
15.43
15.44
15.43
15.43
15.41
15.38
15.4
15.42
15.41
15.44
15.41
15.39
15.41
15.37
15.39
15.42
15.4
15.42
15.42
15.44
15.41
15.39
15.41
15.37
15.41
15.4
15.4
15.44
15.42
15.43
15.43
15.4
15.39
15.4
15.33
15.35
15.38
15.38
15.37
15.36
15.32
15.35
15.34
15.3
15.34
15.35
15.34
15.32
15.33
15.32
15.37
15.38
15.38
15.38
15.4
15.39
15.33
15.36
15.34
15.34
15.36
15.37
15.38
15.36
15.36
15.34
15.37
15.34
15.35
15.34
15.38
15.37
15.38
15.38
15.4
15.39
15.39
15.39
15.39
15.4
15.36
15.35
15.36
15.38
15.36
15.37
15.38
15.38
15.39
15.4
15.39
15.36
15.36
15.36
15.37
15.39
15.4
15.39
15.38
15.42
15.4
15.4
15.4
15.38
15.36
15.38
15.37
15.4
15.41
15.36
15.39
15.37
15.38
15.36
15.37
15.39
15.37
15.42
15.38
15.38
15.38
15.41
15.38
15.42
15.42
15.41
15.41
15.4
15.39
15.44
15.42
15.42
15.4
15.43
15.39
15.43
15.44
15.44
15.41
15.41
15.42
15.43
15.42
15.42
15.42
15.44
15.45
15.42
15.42
15.44
15.41
15.41
15.42
15.43
15.41
15.41
15.42
15.39
15.41
15.41
15.43
15.39
15.4
15.38
15.43
15.43
15.44
15.44
15.41
15.44
15.45
15.42
15.42
15.42
15.43
15.42
15.42
15.42
15.43
15.41
15.43
15.41
15.41
15.42
15.42
15.45
15.41
15.45
15.45
15.47
15.43
15.42
15.42
15.43
15.4
15.43
15.45
15.44
15.43
15.44
15.42
15.44
15.46
15.42
15.45
15.45
15.45
15.44
15.45
15.45
15.46
15.45
15.47
15.47
15.46
15.44
15.44
15.42
15.45
