0.59
0.64
0.7
0.73
0.83
0.91
1.01
0.98
1.18
1.22
1.25
1.3
1.41
1.46
1.52
1.54
1.63
1.68
1.75
1.77
1.84
1.9
1.96
1.96
2.08
2.11
2.19
2.2
2.3
2.36
2.42
2.44
2.51
2.5
2.62
2.65
2.77
2.75
2.82
2.79
2.91
2.98
3.1
3.12
3.21
3.17
3.27
3.27
3.34
3.42
3.48
3.48
3.65
3.72
3.74
3.75
3.83
3.85
3.89
3.9
4.03
4.05
4.22
4.23
4.31
4.35
4.39
4.43
4.52
4.53
4.58
4.54
4.66
4.74
4.76
4.8
4.92
4.96
4.94
4.99
5.04
5.14
5.17
5.2
5.33
5.35
5.38
5.39
5.5
5.55
5.68
5.69
5.78
5.75
5.83
5.84
5.95
6
6.09
6.07
6.18
6.23
6.29
6.23
6.39
6.39
6.46
6.48
6.61
6.66
6.72
6.74
6.8
6.82
6.91
6.92
6.97
7.04
7.13
7.05
7.62
7.66
7.79
7.79
7.86
7.92
8.01
8.01
8.09
8.18
8.25
8.29
8.4
8.41
8.52
8.44
8.57
8.6
8.71
8.72
8.79
8.86
8.89
8.91
9.06
9.09
9.18
9.14
9.26
9.29
9.39
9.31
9.47
9.57
9.64
9.62
9.74
9.78
9.83
9.84
9.93
9.95
10.05
10.01
10.12
10.15
10.22
10.17
10.31
10.37
10.35
10.38
10.5
10.57
10.65
10.6
10.79
10.77
10.86
10.83
10.92
10.98
11.04
11.07
11.17
11.26
11.32
11.3
11.39
11.41
11.53
11.5
11.59
11.62
11.68
11.71
11.8
11.83
11.9
11.85
12.06
12
12.1
12.11
12.22
12.26
12.35
12.3
12.42
12.41
12.52
12.55
12.61
12.68
12.74
12.66
12.87
12.88
12.98
13.02
13.04
13.06
13.18
13.2
13.26
13.25
13.38
13.35
13.42
13.54
13.54
13.51
13.65
13.71
13.83
13.82
13.89
13.92
13.99
14.01
14.57
14.58
14.65
14.72
14.78
14.71
14.9
14.85
15.07
15.1
15.12
15.15
15.28
15.28
15.42
15.36
