0.3
0.34
0.4
0.45
0.52
0.57
0.65
0.67
0.78
0.84
0.9
0.95
1.05
1.14
1.19
1.18
1.28
1.39
1.43
1.57
1.6
1.67
1.73
1.74
1.78
1.89
1.93
1.97
2.02
2.09
2.16
2.2
2.27
2.29
2.39
2.41
2.46
2.52
2.6
2.58
2.7
2.71
2.8
2.82
2.9
2.91
3.02
3.05
3.18
3.17
3.2
3.28
3.37
3.4
3.52
3.5
3.59
3.67
3.65
3.76
3.82
3.92
3.94
4.01
4.08
4.19
4.21
4.28
4.3
4.35
4.46
4.46
4.58
4.67
4.73
4.73
4.8
4.76
4.94
5
5.04
5.08
5.09
5.17
5.22
5.33
5.18
5.25
5.36
5.52
5.62
5.61
5.65
5.78
5.8
5.84
5.88
5.78
5.86
5.85
6.04
6.18
6.22
6.22
6.4
6.33
6.46
6.44
6.58
6.64
6.71
6.75
6.73
6.7
6.89
6.95
6.96
7
7.12
7.14
7.14
7.08
7.35
7.37
7.45
7.42
7.51
7.52
7.58
7.64
7.74
7.76
7.83
7.9
7.98
7.97
8.1
8.12
8.2
8.22
8.3
8.35
8.4
8.42
8.53
8.57
8.63
8.68
8.76
8.79
8.85
8.86
8.97
9.02
9.07
9.11
9.2
9.24
9.29
9.31
9.41
9.45
9.51
9.54
9.61
9.66
9.73
9.74
9.84
9.9
9.96
9.99
10.05
10.09
10.17
10.15
10.25
10.31
10.38
10.41
10.52
10.54
10.62
10.6
10.69
10.76
10.8
10.86
10.9
10.96
11.04
11.05
11.17
11.19
11.25
11.27
11.34
11.4
11.47
11.47
11.58
11.64
11.69
11.73
11.79
11.85
11.89
11.91
12.02
12.04
12.12
12.14
12.23
12.27
12.35
12.32
12.43
12.49
12.57
12.6
12.67
12.7
12.79
12.8
12.9
12.95
13
13.02
13.1
13.15
13.21
13.2
13.32
13.39
13.46
13.49
13.57
13.6
13.65
13.64
14.04
14.11
14.16
14.22
14.31
14.37
14.45
14.41
14.55
14.58
14.63
14.65
14.74
14.81
14.9
14.86
