65
66
70
68
68
69
69
68
68
68
68
68
68
68
68
68
68
68
68
68
68
68
69
68
68
68
68
68
68
68
68
69
68
68
68
68
68
68
68
68
68
68
68
68
68
68
68
68
68
68
68
68
68
68
68
68
68
68
68
68
69
69
68
68
68
68
68
69
69
69
69
69
69
69
69
69
69
69
69
69
69
69
69
69
69
69
69
69
69
69
69
69
69
69
69
69
69
69
69
69
69
69
69
69
69
69
69
69
69
69
69
69
69
69
69
68
69
69
69
69
69
69
69
69
69
69
69
69
69
69
69
69
69
69
69
69
69
69
69
69
69
69
69
68
69
69
69
69
69
69
69
68
69
69
69
69
69
69
69
69
69
69
69
69
68
69
69
69
69
69
69
69
69
69
69
68
69
69
69
69
68
69
69
69
69
69
69
69
69
69
69
69
69
69
69
69
69
69
69
68
65
64
64
64
64
63
64
64
64
64
64
64
63
64
63
63
64
64
63
63
64
64
64
64
64
64
64
64
64
63
64
63
64
63
64
64
64
64
64
64
64
64
64
64
63
64
64
64
64
64
64
64
64
64
64
64
