1713
1582
1427
1378
1219
1138
1047
1074
914
878
824
811
759
732
696
681
642
624
599
591
560
550
528
530
499
486
472
466
448
439
428
424
408
401
391
386
374
367
358
362
345
339
334
331
321
316
310
306
300
295
289
288
281
278
274
275
265
262
258
255
251
248
243
242
237
235
232
230
225
224
219
220
215
212
209
208
204
203
200
199
196
195
192
191
188
186
184
184
180
179
176
176
174
173
171
169
167
166
164
163
161
160
158
159
156
154
153
153
150
149
148
147
146
145
144
143
141
140
139
139
131
130
129
129
130
129
128
128
126
125
124
124
123
122
121
122
119
119
118
118
116
116
115
116
114
113
112
112
111
110
109
109
109
107
107
107
105
105
105
104
103
103
102
102
101
100
100
100
98
98
97
97
96
96
97
96
95
94
94
93
93
92
92
92
91
90
90
90
89
89
88
88
87
87
86
87
86
86
85
85
84
84
84
83
83
82
82
82
81
81
81
81
80
80
79
79
78
78
78
78
77
77
76
76
76
75
75
75
75
74
74
74
73
74
73
73
72
72
72
72
69
69
69
70
69
68
68
68
67
68
67
67
67
66
67
66
